3 9 0.7042999999999999
3 8 0.17146
3 7 2.5535699999999997
3 12 6.911
3 10 2.94
9 25 4.7289650000000005
9 24 3.6231400000000002
9 8 0.7676350000000001
9 5 0.040000000000000036
8 7 3.5586650000000004
7 2 3.1671
11 6 3.851
11 12 0.7909999999999999
6 23 3.82744
13 23 3.80388
13 22 4.90205
13 30 1.96183
22 21 4.87322
32 21 4.84439
32 28 7.904389999999999
31 26 1.100285
31 30 4.15817
26 29 3.988115
26 24 1.099205
26 33 2.4903750000000002
26 18 1.46
29 27 0.000015
29 25 0.9142600000000001
29 24 0.932825
29 20 2.55841
29 28 1.77439
27 16 0.0
27 17 1.2399999999999998
20 19 2.64159
33 37 0.30177
33 35 0.81
37 36 2.75823
37 34 0.0
19 36 0.36009
12 38 0.0
30 39 0.0
28 14 0.01
